100 0.00012946128845214844
250 0.0004951953887939453
500 0.0017201900482177734
750 0.0036721229553222656
1000 0.006432056427001953
100 0.00011801719665527344
250 0.00046706199645996094
500 0.0017592906951904297
750 0.0039010047912597656
1000 0.007219552993774414
100 0.000118255615234375
250 0.0005011558532714844
500 0.0019376277923583984
750 0.0038390159606933594
1000 0.006348848342895508
100 0.000118255615234375
250 0.0005145072937011719
500 0.0018973350524902344
750 0.0037517547607421875
1000 0.006867885589599609
100 0.00010204315185546875
250 0.0005376338958740234
500 0.0018472671508789062
750 0.0038280487060546875
1000 0.006700754165649414
